TILE,MJD,EXPN,RA_2,DEC_2,target_index,target
1056411,60700,33430,150.77998,-26.15999,-99,NGC3109
1056411,60701,33473,150.78331,-26.16513,-99,NGC3109
1056411,60701,33474,150.77664,-26.16517,-99,NGC3109
1056411,60701,33475,150.77998,-26.15655,-99,NGC3109
1056411,60701,33476,150.77664,-26.15827,-99,NGC3109
1056411,60701,33477,150.78334,-26.15823,-99,NGC3109
1056411,60701,33478,150.77665,-26.16173,-99,NGC3109
1056411,60701,33479,150.78336,-26.16173,-99,NGC3109
1056411,60701,33480,150.78001,-26.16347,-99,NGC3109
